# Created by Octave 5.2.0, Fri Jul 31 21:00:03 2020 GMT <unknown@DESKTOP-83O84JU>
# name: A
# type: matrix
# rows: 3
# columns: 2
 1 2
 3 4
 5 6


